short int pawn_bonus_b[64] = { 0,  0,  0,  0,  0,  0, 0, 0,\
                                 50, 50, 50, 50, 50, 50, 50, 50,\
                                 10, 10, 20, 30, 30, 20, 10, 10,\
                                 5,  5, 10, 27, 27, 10,  5,  5,\
                                 0,  0,  0, 25, 25,  0,  0,  0,\
                                 5, -5,-10,  0,  0,-10, -5,  5,\
                                 5, 10, 10,-25,-25, 10, 10,  5,\
                                 0,  0,  0,  0,  0,  0,  0,  0 };

short int pawn_bonus_w[64] = {0,  0,  0,  0,  0,  0,  0,  0,\
			5, 10, 10,-25,-25, 10, 10,  5, \
			5, -5,-10,  0,  0,-10, -5,  5, \
			0,  0,  0, 25, 25,  0,  0,  0, \
			5,  5, 10, 27, 27, 10,  5,  5, \
			10, 10, 20, 30, 30, 20, 10, 10,  \
			50, 50, 50, 50, 50, 50, 50, 50, \
			0,  0,  0,  0,  0,  0,  0,  0 };

short int knight_bonus[64] = {-50,-40,-30,-30,-30,-30,-40,-50, \
                        -40,-20,  0,  0,  0,  0,-20,-40, \
                        -30,  0, 10, 15, 15, 10,  0,-30, \
                        -30,  5, 15, 20, 20, 15,  5,-30, \
                        -30,  0, 15, 20, 20, 15,  0,-30, \
                        -30,  5, 10, 15, 15, 10,  5,-30, \
                        -40,-20,  0,  5,  5,  0,-20,-40, \
                        -50,-40,-20,-30,-30,-20,-40,-50 };

short int bishop_bonus_b[64] = {-20,-10,-10,-10,-10,-10,-10,-20,\
                        -10,  0,  0,  0,  0,  0,  0,-10,\
                        -10,  0,  5, 10, 10,  5,  0,-10,\
                        -10,  5,  5, 10, 10,  5,  5,-10,\
                        -10,  0, 10, 10, 10, 10,  0,-10,\
                        -10, 10, 10, 0, 0, 10, 10,-10,\
                        -10,  5,  0,  0,  0,  0,  5,-10,\
                        -20,-10,-30,-10,-10,-30,-10,-20 };

short int bishop_bonus_w[64] = {-20,-10,-30,-10,-10,-30,-10,-20,\
			-10,  5,  0,  0,  0,  0,  5,-10,\
			-10, 10, 10, 0, 0, 10, 10,-10,\
			-10,  0, 10, 10, 10, 10,  0,-10,\
			-10,  5,  5, 10, 10,  5,  5,-10,\
			-10,  0,  5, 10, 10,  5,  0,-10,\
			-10,  0,  0,  0,  0,  0,  0,-10,\
			-20,-10,-10,-10,-10,-10,-10,-20 };

short int king_bonus_b[64] = {-30, -40, -40, -50, -50, -40, -40, -30,\
                        -30, -40, -40, -50, -50, -40, -40, -30,\
                        -30, -40, -40, -50, -50, -40, -40, -30,\
                        -30, -40, -40, -50, -50, -40, -40, -30,\
                        -20, -30, -30, -40, -40, -30, -30, -20,\
                        -10, -20, -20, -20, -20, -20, -20, -10,\
                        20,  20,   0,   0,   0,   0,  20,  20,\
                        20,  30,  25,   0,   0,  10,  30,  20 };
			

short int king_bonus_w[64] =	{20,  30,  25,   0,   0,  10,  30,  20,\
			20,  20,   0,   0,   0,   0,  20,  20,\
			-10, -20, -20, -20, -20, -20, -20, -10,\
			-20, -30, -30, -40, -40, -30, -30, -20,\
			-30, -40, -40, -50, -50, -40, -40, -30,\
			-30, -40, -40, -50, -50, -40, -40, -30,\
			-30, -40, -40, -50, -50, -40, -40, -30,\
			-30, -40, -40, -50, -50, -40, -40, -30 };

short int king_endgame_bonus_b[64] = {-50,-40,-30,-20,-20,-30,-40,-50,\
                                -30,-20,-10,  0,  0,-10,-20,-30,\
                                -30,-10, 20, 30, 30, 20,-10,-30,\
                                -30,-10, 30, 40, 40, 30,-10,-30,\
                                -30,-10, 30, 40, 40, 30,-10,-30,\
                                -30,-10, 20, 30, 30, 20,-10,-30,\
                                -30,-30,  0,  0,  0,  0,-30,-30,\
                                -50,-30,-30,-30,-30,-30,-30,-50 };

short int king_endgame_bonus_w[64] = {-50,-30,-30,-30,-30,-30,-30,-50,\
				 -30,-30,  0,  0,  0,  0,-30,-30,\
				-30,-10, 20, 30, 30, 20,-10,-30,\
				-30,-10, 30, 40, 40, 30,-10,-30,\
				-30,-10, 30, 40, 40, 30,-10,-30,\
				-30,-10, 20, 30, 30, 20,-10,-30,\
				-30,-20,-10,  0,  0,-10,-20,-30,\
				-50,-40,-30,-20,-20,-30,-40,-50 };


				

